Time	A1	A2	A3	A4	A5	A6	A7	A8	A9	A10	A11	A12	B1	B2	B3	B4	B5	B6	B7	B8	B9	B10	B11	B12	C1	C2	C3	C4	C5	C6	C7	C8	C9	C10	C11	C12	D1	D2	D3	D4	D5	D6	D7	D8	D9	D10	D11	D12	E1	E2	E3	E4	E5	E6	E7	E8	E9	E10	E11	E12	F1	F2	F3	F4	F5	F6	F7	F8	F9	F10	F11	F12	G1	G2	G3	G4	G5	G6	G7	G8	G9	G10	G11	G12	H1	H2	H3	H4	H5	H6	H7	H8	H9	H10	H11	H12
0	0.113	0.115	0.112	0.114	0.112	0.113	0.124	0.115	0.112	0.114	0.111	0.119	0.11	0.111	0.118	0.115	0.114	0.109	0.109	0.113	0.117	0.11	0.111	0.112	0.108	0.107	0.106	0.111	0.106	0.107	0.107	0.108	0.106	0.11	0.111	0.109	0.109	0.109	0.107	0.112	0.106	0.108	0.11	0.109	0.108	0.109	0.111	0.111	0.106	0.108	0.107	0.111	0.11	0.113	0.115	0.114	0.118	0.108	0.106	0.106	0.108	0.107	0.106	0.11	0.106	0.11	0.107	0.111	0.108	0.112	0.108	0.108	0.106	0.107	0.106	0.109	0.107	0.113	0.109	0.108	0.106	0.111	0.109	0.109	0.108	0.107	0.112	0.11	0.106	0.109	0.108	0.115	0.109	0.11	0.108	0.108
0.45	0.107	0.11	0.106	0.109	0.108	0.11	0.117	0.11	0.108	0.109	0.106	0.113	0.106	0.106	0.111	0.108	0.108	0.107	0.106	0.109	0.114	0.108	0.108	0.109	0.106	0.106	0.105	0.109	0.104	0.106	0.106	0.106	0.105	0.109	0.109	0.107	0.107	0.107	0.105	0.11	0.105	0.109	0.108	0.107	0.107	0.107	0.109	0.109	0.105	0.107	0.106	0.109	0.109	0.112	0.112	0.114	0.109	0.106	0.105	0.105	0.106	0.105	0.105	0.108	0.105	0.108	0.106	0.11	0.107	0.11	0.107	0.107	0.106	0.106	0.105	0.107	0.105	0.111	0.107	0.107	0.105	0.109	0.107	0.107	0.107	0.106	0.109	0.108	0.105	0.107	0.106	0.113	0.107	0.109	0.106	0.107
0.95	0.107	0.109	0.105	0.109	0.108	0.11	0.116	0.109	0.109	0.109	0.107	0.112	0.107	0.106	0.111	0.107	0.107	0.107	0.106	0.109	0.114	0.107	0.108	0.109	0.106	0.106	0.105	0.109	0.104	0.105	0.105	0.106	0.105	0.108	0.109	0.107	0.107	0.107	0.105	0.11	0.104	0.107	0.108	0.107	0.106	0.107	0.109	0.109	0.105	0.107	0.105	0.108	0.107	0.111	0.112	0.113	0.108	0.106	0.105	0.105	0.106	0.105	0.105	0.108	0.105	0.108	0.106	0.11	0.107	0.11	0.107	0.107	0.106	0.106	0.105	0.107	0.105	0.11	0.107	0.107	0.105	0.109	0.107	0.107	0.107	0.106	0.109	0.108	0.105	0.107	0.106	0.113	0.107	0.109	0.106	0.107
1.45	0.107	0.109	0.106	0.109	0.108	0.11	0.117	0.11	0.108	0.109	0.107	0.112	0.106	0.106	0.111	0.108	0.107	0.107	0.106	0.109	0.114	0.108	0.109	0.11	0.107	0.106	0.105	0.109	0.104	0.106	0.106	0.106	0.105	0.109	0.109	0.108	0.107	0.107	0.105	0.11	0.105	0.107	0.108	0.107	0.107	0.108	0.109	0.109	0.105	0.107	0.106	0.108	0.107	0.111	0.112	0.114	0.109	0.106	0.105	0.105	0.106	0.107	0.105	0.108	0.105	0.109	0.106	0.11	0.107	0.11	0.107	0.107	0.106	0.107	0.106	0.107	0.105	0.111	0.107	0.107	0.106	0.109	0.107	0.107	0.108	0.106	0.11	0.109	0.105	0.107	0.106	0.113	0.108	0.109	0.107	0.107
1.95	0.108	0.111	0.107	0.11	0.109	0.111	0.118	0.111	0.109	0.111	0.108	0.113	0.108	0.107	0.113	0.108	0.108	0.107	0.107	0.11	0.115	0.108	0.11	0.111	0.108	0.107	0.106	0.11	0.105	0.107	0.107	0.107	0.106	0.11	0.111	0.109	0.108	0.108	0.106	0.111	0.106	0.108	0.109	0.108	0.107	0.109	0.11	0.11	0.106	0.108	0.106	0.109	0.108	0.112	0.112	0.115	0.109	0.107	0.107	0.107	0.107	0.107	0.106	0.11	0.107	0.11	0.107	0.112	0.108	0.111	0.11	0.108	0.108	0.109	0.107	0.109	0.106	0.111	0.108	0.108	0.107	0.109	0.109	0.109	0.11	0.107	0.112	0.111	0.106	0.109	0.107	0.115	0.109	0.11	0.108	0.109
2.45	0.11	0.113	0.11	0.113	0.112	0.114	0.121	0.114	0.113	0.114	0.112	0.116	0.111	0.109	0.115	0.11	0.111	0.109	0.11	0.113	0.118	0.111	0.113	0.113	0.11	0.109	0.108	0.113	0.108	0.11	0.11	0.11	0.109	0.113	0.114	0.112	0.11	0.11	0.108	0.113	0.109	0.111	0.112	0.111	0.11	0.112	0.114	0.113	0.107	0.111	0.108	0.111	0.111	0.112	0.113	0.118	0.113	0.11	0.11	0.111	0.109	0.11	0.108	0.113	0.109	0.113	0.109	0.116	0.117	0.115	0.113	0.11	0.11	0.113	0.11	0.112	0.108	0.114	0.11	0.112	0.11	0.111	0.113	0.112	0.114	0.11	0.115	0.114	0.109	0.112	0.111	0.118	0.113	0.115	0.111	0.113
2.95	0.113	0.119	0.115	0.119	0.119	0.122	0.127	0.122	0.122	0.12	0.12	0.123	0.116	0.113	0.119	0.115	0.116	0.112	0.116	0.119	0.124	0.116	0.119	0.12	0.115	0.113	0.113	0.119	0.114	0.118	0.115	0.118	0.117	0.121	0.122	0.119	0.115	0.115	0.114	0.119	0.115	0.118	0.118	0.117	0.115	0.119	0.121	0.121	0.11	0.116	0.112	0.115	0.117	0.115	0.114	0.124	0.119	0.118	0.119	0.12	0.114	0.115	0.114	0.119	0.116	0.12	0.115	0.125	0.122	0.121	0.121	0.116	0.117	0.121	0.117	0.12	0.114	0.119	0.116	0.118	0.117	0.113	0.122	0.121	0.121	0.117	0.122	0.12	0.115	0.121	0.118	0.126	0.121	0.123	0.118	0.123
3.7	0.138	0.148	0.142	0.154	0.155	0.159	0.155	0.174	0.176	0.169	0.183	0.183	0.141	0.136	0.139	0.143	0.151	0.14	0.155	0.159	0.161	0.163	0.173	0.177	0.14	0.136	0.141	0.152	0.151	0.166	0.154	0.173	0.175	0.173	0.178	0.185	0.139	0.139	0.149	0.149	0.152	0.166	0.156	0.162	0.163	0.169	0.172	0.186	0.133	0.144	0.142	0.143	0.153	0.138	0.122	0.157	0.162	0.173	0.178	0.187	0.142	0.149	0.147	0.154	0.158	0.166	0.154	0.164	0.17	0.17	0.182	0.171	0.15	0.168	0.153	0.169	0.158	0.157	0.166	0.164	0.171	0.128	0.187	0.193	0.165	0.153	0.161	0.161	0.155	0.165	0.166	0.173	0.18	0.179	0.185	0.194
4.2	0.148	0.159	0.154	0.169	0.173	0.182	0.18	0.21	0.214	0.206	0.234	0.24	0.155	0.146	0.148	0.156	0.168	0.16	0.178	0.186	0.193	0.204	0.222	0.232	0.147	0.146	0.155	0.17	0.17	0.191	0.179	0.206	0.213	0.217	0.232	0.237	0.147	0.151	0.164	0.165	0.171	0.192	0.181	0.191	0.199	0.212	0.221	0.249	0.142	0.156	0.156	0.158	0.17	0.15	0.131	0.184	0.196	0.212	0.228	0.246	0.15	0.165	0.162	0.174	0.177	0.19	0.181	0.193	0.205	0.213	0.235	0.226	0.165	0.191	0.17	0.193	0.178	0.177	0.193	0.198	0.209	0.146	0.243	0.262	0.183	0.172	0.182	0.183	0.175	0.192	0.195	0.207	0.221	0.229	0.247	0.261
4.7	0.159	0.168	0.164	0.185	0.195	0.206	0.21	0.251	0.262	0.237	0.278	0.305	0.165	0.155	0.158	0.173	0.19	0.186	0.208	0.222	0.233	0.239	0.271	0.309	0.153	0.154	0.172	0.191	0.194	0.219	0.209	0.245	0.259	0.266	0.282	0.315	0.152	0.163	0.18	0.184	0.195	0.224	0.209	0.23	0.243	0.257	0.267	0.319	0.158	0.168	0.174	0.177	0.192	0.163	0.142	0.221	0.241	0.251	0.275	0.326	0.157	0.179	0.182	0.198	0.203	0.22	0.215	0.233	0.252	0.258	0.289	0.305	0.17	0.215	0.193	0.221	0.203	0.202	0.228	0.242	0.255	0.168	0.295	0.345	0.2	0.19	0.206	0.208	0.198	0.225	0.232	0.249	0.266	0.272	0.304	0.341
5.2	0.169	0.177	0.187	0.198	0.22	0.238	0.233	0.276	0.291	0.275	0.353	0.41	0.172	0.164	0.166	0.19	0.216	0.218	0.237	0.247	0.256	0.274	0.336	0.435	0.163	0.162	0.191	0.216	0.223	0.252	0.234	0.283	0.288	0.303	0.356	0.441	0.162	0.178	0.196	0.2	0.223	0.258	0.237	0.251	0.267	0.297	0.339	0.438	0.174	0.181	0.19	0.199	0.223	0.176	0.155	0.249	0.276	0.287	0.351	0.455	0.164	0.198	0.199	0.222	0.229	0.259	0.253	0.259	0.274	0.297	0.364	0.45	0.173	0.244	0.209	0.253	0.232	0.232	0.258	0.266	0.277	0.185	0.37	0.459	0.224	0.206	0.222	0.238	0.22	0.256	0.263	0.27	0.296	0.316	0.389	0.471
5.7	0.173	0.187	0.218	0.209	0.232	0.25	0.255	0.313	0.331	0.354	0.454	0.512	0.19	0.172	0.181	0.203	0.231	0.247	0.259	0.271	0.301	0.35	0.446	0.514	0.171	0.179	0.21	0.235	0.241	0.28	0.256	0.314	0.323	0.365	0.468	0.524	0.179	0.189	0.211	0.215	0.237	0.286	0.259	0.279	0.312	0.374	0.448	0.538	0.203	0.193	0.208	0.224	0.239	0.191	0.159	0.269	0.314	0.363	0.461	0.537	0.177	0.215	0.214	0.234	0.246	0.281	0.275	0.284	0.32	0.369	0.478	0.556	0.189	0.248	0.233	0.278	0.244	0.253	0.279	0.292	0.322	0.227	0.478	0.576	0.237	0.223	0.227	0.245	0.225	0.277	0.286	0.296	0.347	0.407	0.507	0.567
6.2	0.178	0.195	0.231	0.215	0.252	0.273	0.285	0.363	0.394	0.431	0.535	0.58	0.211	0.183	0.189	0.212	0.24	0.274	0.291	0.315	0.37	0.426	0.526	0.608	0.189	0.212	0.219	0.247	0.251	0.303	0.288	0.355	0.378	0.447	0.548	0.617	0.196	0.202	0.228	0.222	0.242	0.31	0.287	0.33	0.378	0.452	0.526	0.621	0.217	0.209	0.259	0.237	0.255	0.203	0.17	0.306	0.374	0.434	0.541	0.626	0.192	0.243	0.224	0.251	0.256	0.304	0.303	0.329	0.391	0.449	0.562	0.675	0.192	0.256	0.248	0.304	0.253	0.292	0.308	0.342	0.397	0.286	0.561	0.662	0.239	0.231	0.256	0.267	0.242	0.305	0.319	0.346	0.418	0.481	0.6	0.661
6.7	0.189	0.209	0.232	0.236	0.272	0.295	0.329	0.42	0.455	0.511	0.602	0.662	0.216	0.199	0.195	0.228	0.254	0.302	0.336	0.372	0.437	0.508	0.597	0.688	0.196	0.239	0.235	0.258	0.27	0.327	0.335	0.41	0.438	0.524	0.616	0.682	0.194	0.207	0.223	0.231	0.257	0.337	0.335	0.384	0.441	0.532	0.594	0.707	0.223	0.214	0.292	0.25	0.278	0.22	0.19	0.359	0.437	0.518	0.618	0.699	0.196	0.265	0.232	0.271	0.295	0.332	0.342	0.387	0.454	0.531	0.637	0.736	0.2	0.274	0.272	0.334	0.277	0.35	0.359	0.395	0.466	0.34	0.635	0.745	0.239	0.236	0.289	0.298	0.274	0.346	0.372	0.401	0.485	0.553	0.68	0.753
7.2	0.206	0.216	0.237	0.251	0.307	0.323	0.385	0.484	0.521	0.57	0.668	0.724	0.216	0.205	0.206	0.249	0.275	0.338	0.395	0.435	0.516	0.565	0.667	0.742	0.194	0.249	0.254	0.278	0.304	0.36	0.395	0.468	0.502	0.595	0.678	0.726	0.197	0.227	0.221	0.247	0.28	0.374	0.393	0.447	0.514	0.592	0.652	0.763	0.212	0.217	0.306	0.269	0.311	0.245	0.219	0.417	0.504	0.594	0.677	0.746	0.191	0.249	0.249	0.296	0.35	0.372	0.385	0.449	0.527	0.596	0.704	0.757	0.213	0.3	0.333	0.361	0.307	0.411	0.414	0.464	0.542	0.404	0.693	0.808	0.263	0.242	0.322	0.339	0.324	0.396	0.424	0.47	0.55	0.619	0.752	0.812
7.7	0.224	0.226	0.252	0.273	0.342	0.365	0.451	0.553	0.582	0.63	0.716	0.769	0.226	0.209	0.223	0.275	0.303	0.374	0.463	0.505	0.566	0.616	0.716	0.779	0.209	0.236	0.28	0.301	0.338	0.398	0.46	0.527	0.566	0.648	0.711	0.759	0.209	0.225	0.234	0.27	0.308	0.416	0.46	0.514	0.561	0.649	0.685	0.8	0.2	0.217	0.31	0.287	0.351	0.276	0.25	0.479	0.57	0.653	0.709	0.778	0.197	0.248	0.263	0.328	0.403	0.42	0.439	0.518	0.579	0.65	0.74	0.766	0.236	0.336	0.355	0.387	0.342	0.463	0.482	0.527	0.595	0.438	0.729	0.844	0.299	0.261	0.347	0.379	0.375	0.446	0.485	0.519	0.611	0.667	0.784	0.851
8.2	0.246	0.242	0.278	0.299	0.383	0.417	0.519	0.619	0.626	0.669	0.749	0.807	0.245	0.222	0.242	0.303	0.338	0.406	0.53	0.558	0.622	0.647	0.748	0.812	0.231	0.229	0.308	0.328	0.376	0.442	0.528	0.588	0.608	0.695	0.737	0.785	0.232	0.237	0.252	0.302	0.339	0.463	0.526	0.565	0.61	0.692	0.712	0.829	0.209	0.229	0.31	0.3	0.397	0.309	0.282	0.53	0.622	0.686	0.735	0.804	0.216	0.259	0.284	0.37	0.428	0.473	0.491	0.57	0.632	0.686	0.769	0.78	0.267	0.376	0.358	0.417	0.383	0.526	0.54	0.585	0.64	0.478	0.754	0.882	0.338	0.288	0.376	0.429	0.422	0.506	0.525	0.572	0.654	0.701	0.827	0.887
8.7	0.271	0.262	0.31	0.325	0.423	0.469	0.574	0.672	0.664	0.695	0.775	0.84	0.268	0.242	0.265	0.339	0.379	0.438	0.577	0.605	0.653	0.67	0.772	0.827	0.254	0.242	0.341	0.362	0.419	0.489	0.575	0.631	0.647	0.717	0.755	0.801	0.258	0.261	0.274	0.331	0.382	0.508	0.564	0.615	0.644	0.708	0.731	0.847	0.232	0.252	0.321	0.32	0.445	0.35	0.314	0.58	0.667	0.699	0.75	0.82	0.241	0.285	0.309	0.402	0.464	0.52	0.539	0.624	0.655	0.706	0.79	0.799	0.299	0.42	0.376	0.447	0.426	0.561	0.583	0.623	0.663	0.506	0.773	0.903	0.375	0.316	0.4	0.475	0.468	0.536	0.569	0.608	0.679	0.726	0.85	0.902
9.2	0.292	0.285	0.349	0.363	0.469	0.521	0.632	0.703	0.696	0.717	0.803	0.867	0.293	0.264	0.293	0.38	0.427	0.469	0.625	0.643	0.676	0.685	0.787	0.838	0.283	0.262	0.383	0.405	0.462	0.536	0.627	0.675	0.676	0.735	0.766	0.812	0.286	0.288	0.301	0.362	0.43	0.557	0.609	0.646	0.667	0.727	0.744	0.857	0.258	0.277	0.339	0.35	0.485	0.39	0.346	0.617	0.701	0.731	0.764	0.832	0.268	0.315	0.339	0.439	0.5	0.563	0.579	0.656	0.674	0.723	0.806	0.804	0.335	0.459	0.397	0.473	0.469	0.575	0.619	0.648	0.682	0.529	0.788	0.922	0.416	0.349	0.424	0.495	0.495	0.575	0.608	0.634	0.701	0.744	0.871	0.909
9.7	0.322	0.315	0.394	0.407	0.518	0.566	0.673	0.732	0.724	0.739	0.83	0.894	0.324	0.288	0.324	0.429	0.475	0.504	0.656	0.67	0.695	0.694	0.807	0.851	0.313	0.282	0.427	0.448	0.508	0.586	0.664	0.71	0.692	0.748	0.775	0.827	0.317	0.32	0.333	0.402	0.473	0.604	0.638	0.669	0.689	0.745	0.757	0.886	0.282	0.302	0.361	0.39	0.52	0.432	0.372	0.641	0.725	0.776	0.776	0.846	0.297	0.342	0.373	0.472	0.538	0.6	0.615	0.681	0.691	0.735	0.823	0.811	0.376	0.487	0.419	0.505	0.492	0.611	0.644	0.67	0.699	0.548	0.803	0.947	0.462	0.386	0.455	0.538	0.53	0.615	0.635	0.652	0.718	0.761	0.907	0.933
10.2	0.346	0.344	0.433	0.449	0.556	0.6	0.693	0.749	0.737	0.752	0.848	0.915	0.353	0.317	0.358	0.472	0.516	0.542	0.67	0.683	0.701	0.702	0.815	0.849	0.343	0.306	0.473	0.496	0.547	0.628	0.681	0.727	0.699	0.754	0.776	0.825	0.348	0.356	0.37	0.441	0.512	0.644	0.652	0.682	0.691	0.746	0.757	0.883	0.308	0.332	0.388	0.43	0.564	0.47	0.393	0.655	0.737	0.773	0.778	0.851	0.329	0.38	0.411	0.503	0.569	0.636	0.641	0.692	0.698	0.746	0.825	0.806	0.397	0.517	0.457	0.536	0.532	0.649	0.654	0.678	0.706	0.56	0.804	0.954	0.489	0.423	0.481	0.573	0.568	0.639	0.647	0.66	0.726	0.77	0.899	0.934
10.7	0.372	0.376	0.479	0.496	0.59	0.629	0.709	0.761	0.749	0.765	0.864	0.936	0.385	0.351	0.394	0.513	0.547	0.582	0.679	0.691	0.706	0.696	0.817	0.848	0.377	0.335	0.515	0.535	0.588	0.672	0.692	0.738	0.707	0.756	0.775	0.827	0.38	0.395	0.41	0.486	0.551	0.684	0.661	0.69	0.716	0.746	0.757	0.879	0.335	0.367	0.422	0.474	0.598	0.503	0.421	0.663	0.744	0.788	0.777	0.849	0.361	0.419	0.451	0.545	0.611	0.661	0.651	0.699	0.703	0.747	0.823	0.805	0.423	0.552	0.494	0.566	0.565	0.677	0.662	0.686	0.711	0.571	0.804	0.961	0.525	0.461	0.519	0.602	0.591	0.657	0.657	0.667	0.734	0.778	0.913	0.938
11.2	0.395	0.409	0.522	0.536	0.612	0.639	0.715	0.769	0.756	0.772	0.88	0.953	0.415	0.383	0.429	0.548	0.576	0.609	0.682	0.694	0.705	0.694	0.815	0.845	0.406	0.365	0.558	0.57	0.613	0.704	0.694	0.743	0.712	0.754	0.775	0.82	0.411	0.433	0.451	0.524	0.58	0.705	0.662	0.691	0.713	0.745	0.757	0.879	0.356	0.4	0.459	0.513	0.616	0.547	0.445	0.664	0.748	0.763	0.778	0.847	0.392	0.457	0.49	0.577	0.639	0.675	0.657	0.701	0.7	0.749	0.823	0.802	0.446	0.584	0.531	0.6	0.584	0.693	0.667	0.688	0.708	0.584	0.807	0.958	0.56	0.496	0.542	0.618	0.604	0.669	0.661	0.671	0.732	0.777	0.914	0.93
11.7	0.418	0.438	0.561	0.573	0.625	0.647	0.719	0.773	0.758	0.776	0.893	0.97	0.447	0.417	0.463	0.571	0.592	0.642	0.682	0.694	0.699	0.689	0.813	0.843	0.436	0.395	0.592	0.597	0.629	0.718	0.699	0.744	0.714	0.752	0.773	0.816	0.438	0.476	0.494	0.558	0.598	0.718	0.662	0.691	0.707	0.744	0.754	0.871	0.382	0.431	0.501	0.547	0.629	0.57	0.463	0.665	0.739	0.743	0.78	0.843	0.421	0.495	0.522	0.602	0.658	0.684	0.662	0.7	0.699	0.75	0.823	0.797	0.468	0.611	0.559	0.625	0.598	0.705	0.668	0.685	0.707	0.58	0.807	0.96	0.592	0.524	0.56	0.629	0.611	0.676	0.664	0.668	0.73	0.777	0.922	0.922
12.2	0.442	0.468	0.597	0.603	0.631	0.647	0.721	0.777	0.765	0.788	0.909	0.989	0.478	0.449	0.498	0.585	0.601	0.665	0.684	0.694	0.696	0.691	0.815	0.841	0.464	0.428	0.617	0.614	0.639	0.731	0.696	0.746	0.713	0.752	0.776	0.815	0.466	0.516	0.533	0.581	0.612	0.727	0.662	0.688	0.701	0.743	0.756	0.869	0.402	0.46	0.54	0.575	0.639	0.589	0.472	0.661	0.748	0.749	0.781	0.843	0.447	0.533	0.549	0.62	0.673	0.693	0.665	0.696	0.699	0.752	0.823	0.795	0.487	0.629	0.579	0.645	0.606	0.714	0.668	0.683	0.707	0.588	0.808	0.964	0.621	0.55	0.571	0.636	0.621	0.681	0.666	0.666	0.732	0.778	0.923	0.914
12.7	0.461	0.494	0.621	0.627	0.632	0.645	0.719	0.776	0.764	0.791	0.928	1.002	0.504	0.482	0.525	0.591	0.6	0.672	0.678	0.689	0.693	0.686	0.812	0.837	0.492	0.456	0.632	0.621	0.644	0.734	0.693	0.741	0.708	0.751	0.774	0.813	0.495	0.547	0.563	0.595	0.617	0.73	0.657	0.684	0.691	0.741	0.753	0.864	0.423	0.488	0.57	0.59	0.642	0.602	0.482	0.658	0.742	0.741	0.783	0.84	0.47	0.558	0.567	0.631	0.681	0.695	0.662	0.694	0.697	0.753	0.823	0.79	0.507	0.641	0.594	0.657	0.611	0.718	0.663	0.681	0.705	0.587	0.808	0.965	0.645	0.575	0.578	0.64	0.621	0.684	0.661	0.661	0.729	0.778	0.918	0.902
13.2	0.481	0.515	0.64	0.64	0.63	0.642	0.715	0.774	0.768	0.799	0.939	1.021	0.525	0.511	0.546	0.596	0.603	0.679	0.673	0.686	0.693	0.687	0.814	0.836	0.519	0.485	0.643	0.628	0.647	0.738	0.689	0.74	0.708	0.755	0.775	0.813	0.524	0.576	0.591	0.603	0.622	0.732	0.652	0.682	0.688	0.741	0.756	0.864	0.441	0.513	0.597	0.6	0.645	0.609	0.489	0.657	0.744	0.741	0.784	0.839	0.495	0.581	0.579	0.636	0.688	0.697	0.659	0.692	0.696	0.755	0.825	0.789	0.529	0.648	0.602	0.667	0.612	0.721	0.662	0.682	0.707	0.599	0.811	0.971	0.66	0.599	0.583	0.641	0.622	0.684	0.659	0.66	0.731	0.779	0.888	0.899
13.7	0.502	0.533	0.653	0.649	0.629	0.636	0.711	0.773	0.773	0.816	0.949	1.041	0.542	0.533	0.559	0.598	0.603	0.686	0.671	0.683	0.693	0.685	0.817	0.834	0.541	0.51	0.649	0.632	0.647	0.737	0.685	0.738	0.708	0.756	0.776	0.812	0.546	0.596	0.613	0.61	0.624	0.732	0.649	0.681	0.687	0.742	0.757	0.863	0.46	0.537	0.621	0.608	0.646	0.614	0.492	0.656	0.748	0.743	0.786	0.838	0.52	0.601	0.588	0.64	0.693	0.7	0.658	0.693	0.698	0.759	0.827	0.786	0.552	0.652	0.61	0.674	0.611	0.723	0.662	0.681	0.706	0.61	0.815	0.977	0.67	0.619	0.586	0.64	0.622	0.684	0.66	0.659	0.732	0.781	0.868	0.896
14.2	0.515	0.544	0.654	0.648	0.622	0.625	0.705	0.77	0.778	0.822	0.959	1.048	0.551	0.553	0.569	0.591	0.597	0.688	0.664	0.679	0.69	0.686	0.816	0.832	0.556	0.529	0.647	0.629	0.645	0.735	0.679	0.736	0.706	0.756	0.777	0.808	0.561	0.611	0.622	0.611	0.62	0.73	0.645	0.679	0.686	0.743	0.757	0.862	0.476	0.552	0.632	0.609	0.643	0.618	0.495	0.657	0.744	0.744	0.787	0.834	0.532	0.613	0.593	0.639	0.693	0.695	0.656	0.693	0.697	0.76	0.829	0.784	0.557	0.651	0.61	0.674	0.61	0.722	0.661	0.681	0.706	0.608	0.817	0.969	0.674	0.625	0.583	0.637	0.617	0.68	0.655	0.656	0.731	0.781	0.868	0.895
14.7	0.531	0.55	0.656	0.65	0.617	0.62	0.699	0.77	0.785	0.829	0.97	1.062	0.553	0.569	0.575	0.587	0.593	0.688	0.66	0.678	0.692	0.686	0.82	0.831	0.564	0.546	0.645	0.63	0.642	0.731	0.675	0.738	0.707	0.76	0.777	0.808	0.573	0.618	0.629	0.612	0.619	0.727	0.643	0.681	0.688	0.746	0.76	0.864	0.489	0.567	0.642	0.609	0.641	0.616	0.498	0.657	0.748	0.748	0.791	0.834	0.543	0.621	0.597	0.638	0.693	0.695	0.653	0.694	0.7	0.763	0.832	0.783	0.561	0.65	0.61	0.674	0.606	0.721	0.66	0.683	0.708	0.627	0.821	0.968	0.673	0.629	0.581	0.634	0.615	0.678	0.656	0.656	0.733	0.783	0.869	0.895
15.2	0.55	0.562	0.654	0.648	0.616	0.619	0.699	0.771	0.798	0.842	0.982	1.074	0.559	0.58	0.576	0.585	0.59	0.688	0.659	0.679	0.696	0.689	0.825	0.829	0.566	0.561	0.645	0.627	0.642	0.731	0.671	0.741	0.699	0.764	0.779	0.81	0.579	0.621	0.633	0.613	0.617	0.726	0.644	0.684	0.692	0.75	0.766	0.865	0.499	0.578	0.648	0.613	0.643	0.616	0.497	0.659	0.752	0.751	0.794	0.836	0.553	0.626	0.598	0.636	0.694	0.698	0.655	0.697	0.704	0.766	0.838	0.785	0.565	0.65	0.611	0.673	0.603	0.723	0.664	0.686	0.712	0.654	0.826	0.976	0.677	0.632	0.576	0.632	0.611	0.679	0.655	0.659	0.74	0.785	0.874	0.9
15.7	0.552	0.56	0.647	0.645	0.607	0.605	0.691	0.77	0.807	0.848	0.987	1.082	0.555	0.585	0.574	0.577	0.584	0.687	0.656	0.678	0.697	0.69	0.827	0.829	0.571	0.571	0.639	0.624	0.634	0.727	0.666	0.74	0.696	0.765	0.775	0.809	0.581	0.622	0.634	0.61	0.613	0.721	0.641	0.684	0.693	0.751	0.766	0.862	0.503	0.584	0.648	0.608	0.636	0.614	0.498	0.659	0.755	0.754	0.796	0.835	0.558	0.631	0.597	0.632	0.693	0.694	0.654	0.697	0.705	0.77	0.84	0.784	0.564	0.644	0.608	0.673	0.598	0.719	0.662	0.688	0.715	0.661	0.828	0.971	0.668	0.635	0.575	0.625	0.609	0.677	0.656	0.659	0.738	0.785	0.876	0.9
16.2	0.553	0.561	0.638	0.634	0.599	0.595	0.683	0.772	0.819	0.853	0.995	1.085	0.551	0.59	0.571	0.567	0.574	0.687	0.649	0.676	0.696	0.689	0.827	0.827	0.57	0.576	0.63	0.618	0.628	0.721	0.663	0.74	0.695	0.769	0.764	0.807	0.58	0.619	0.63	0.606	0.608	0.717	0.64	0.684	0.694	0.754	0.767	0.86	0.506	0.588	0.649	0.602	0.632	0.613	0.5	0.661	0.758	0.756	0.798	0.834	0.562	0.631	0.594	0.625	0.689	0.689	0.652	0.699	0.706	0.774	0.843	0.782	0.561	0.639	0.604	0.671	0.591	0.715	0.663	0.69	0.713	0.664	0.832	0.952	0.658	0.631	0.568	0.618	0.603	0.672	0.655	0.66	0.738	0.785	0.877	0.9
16.7	0.555	0.56	0.632	0.631	0.596	0.589	0.681	0.771	0.834	0.863	1.003	1.087	0.548	0.591	0.567	0.563	0.57	0.684	0.65	0.677	0.7	0.691	0.831	0.827	0.568	0.58	0.626	0.613	0.625	0.72	0.661	0.742	0.695	0.771	0.761	0.807	0.579	0.613	0.628	0.602	0.605	0.716	0.641	0.686	0.696	0.756	0.769	0.862	0.507	0.588	0.647	0.599	0.627	0.612	0.5	0.663	0.761	0.759	0.801	0.835	0.564	0.633	0.593	0.622	0.687	0.688	0.652	0.7	0.709	0.777	0.846	0.782	0.559	0.636	0.603	0.669	0.585	0.712	0.664	0.694	0.715	0.679	0.834	0.933	0.651	0.63	0.566	0.612	0.598	0.671	0.656	0.661	0.741	0.786	0.876	0.901
17.2	0.551	0.56	0.619	0.619	0.587	0.579	0.675	0.77	0.855	0.865	1.006	1.082	0.542	0.59	0.56	0.553	0.562	0.679	0.645	0.675	0.698	0.69	0.829	0.825	0.563	0.581	0.616	0.607	0.618	0.714	0.657	0.74	0.696	0.772	0.76	0.805	0.573	0.609	0.623	0.597	0.599	0.711	0.639	0.688	0.698	0.758	0.768	0.861	0.505	0.59	0.645	0.594	0.624	0.606	0.503	0.664	0.764	0.762	0.803	0.831	0.568	0.629	0.589	0.615	0.683	0.683	0.653	0.702	0.711	0.779	0.849	0.78	0.552	0.63	0.598	0.663	0.579	0.706	0.664	0.695	0.717	0.674	0.827	0.923	0.641	0.625	0.559	0.606	0.591	0.667	0.654	0.661	0.74	0.784	0.877	0.901
17.7	0.552	0.557	0.612	0.614	0.584	0.575	0.674	0.77	0.869	0.871	1.006	1.082	0.539	0.591	0.556	0.549	0.56	0.679	0.646	0.676	0.703	0.694	0.835	0.826	0.56	0.582	0.611	0.605	0.617	0.712	0.656	0.744	0.696	0.775	0.763	0.804	0.569	0.604	0.619	0.592	0.596	0.709	0.64	0.69	0.7	0.755	0.769	0.862	0.504	0.587	0.642	0.591	0.62	0.601	0.502	0.666	0.769	0.767	0.805	0.8	0.569	0.628	0.587	0.611	0.682	0.682	0.655	0.704	0.714	0.782	0.852	0.782	0.547	0.626	0.595	0.661	0.574	0.706	0.667	0.699	0.72	0.702	0.814	0.917	0.63	0.624	0.557	0.601	0.588	0.667	0.654	0.663	0.742	0.791	0.881	0.901
